(285, 281)
(184, 315)
(183, 270)
(150, 322)
(175, 266)
(153, 327)
(361, 276)
(144, 278)
(154, 328)
(201, 260)
(146, 324)
(314, 280)
(167, 267)
(387, 270)
(197, 289)
(170, 272)
(323, 285)
(315, 281)
(147, 288)
(171, 273)
(163, 269)
(215, 279)
(148, 289)
(349, 279)
(310, 287)
(216, 280)
(235, 293)
(166, 279)
(345, 281)
(311, 288)
(143, 295)
(303, 284)
(135, 291)
(167, 280)
(159, 276)
(371, 275)
(222, 295)
(337, 282)
(128, 288)
(139, 297)
(298, 290)
(231, 300)
(204, 283)
(223, 296)
(264, 297)
(330, 279)
(333, 284)
(299, 291)
(131, 298)
(123, 294)
(249, 290)
(268, 303)
(260, 299)
(207, 293)
(359, 278)
(218, 302)
(124, 295)
(325, 285)
(295, 293)
(261, 300)
(93, 307)
(253, 296)
(219, 303)
(203, 295)
(318, 282)
(222, 308)
(150, 289)
(287, 294)
(89, 309)
(204, 296)
(237, 293)
(256, 306)
(248, 302)
(173, 308)
(214, 309)
(146, 291)
(206, 305)
(112, 298)
(238, 294)
(197, 256)
(241, 299)
(207, 306)
(199, 302)
(210, 311)
(108, 300)
(168, 314)
(275, 297)
(200, 303)
(233, 300)
(203, 308)
(236, 305)
(169, 315)
(202, 312)
(276, 298)
(134, 294)
(172, 320)
(111, 310)
(185, 259)
(226, 297)
(237, 306)
(229, 302)
(195, 309)
(112, 311)
(198, 314)
(104, 307)
(406, 263)
(164, 321)
(230, 303)
(263, 300)
(199, 315)
(149, 314)
(96, 308)
(160, 323)
(181, 266)
(225, 309)
(217, 305)
(183, 312)
(208, 256)
(175, 308)
(174, 263)
(141, 315)
(92, 310)
(394, 266)
(226, 310)
(152, 324)
(144, 320)
(176, 309)
(200, 257)
(145, 321)
(137, 317)
(203, 262)
(169, 269)
(172, 274)
(213, 312)
(205, 308)
(138, 318)
(204, 263)
(171, 315)
(196, 259)
(382, 269)
(173, 275)
(140, 327)
(165, 271)
(175, 321)
(141, 328)
(133, 324)
(125, 320)
(408, 263)
(378, 271)
(191, 265)
(201, 315)
(160, 277)
(167, 322)
(137, 330)
(184, 262)
(161, 278)
(339, 284)
(331, 280)
(163, 324)
(129, 331)
(176, 263)
(214, 289)
(206, 285)
(198, 281)
(332, 281)
(122, 291)
(282, 280)
(293, 289)
(199, 282)
(243, 288)
(149, 281)
(283, 281)
(327, 287)
(118, 293)
(233, 280)
(319, 283)
(244, 289)
(153, 287)
(194, 288)
(119, 294)
(320, 284)
(270, 283)
(289, 296)
(195, 289)
(281, 292)
(206, 298)
(239, 295)
(313, 281)
(145, 288)
(137, 284)
(282, 293)
(315, 290)
(213, 279)
(243, 301)
(182, 291)
(277, 299)
(269, 295)
(343, 281)
(202, 305)
(235, 302)
(309, 288)
(141, 295)
(278, 300)
(110, 307)
(270, 296)
(228, 299)
(239, 308)
(137, 297)
(197, 311)
(189, 307)
(296, 290)
(221, 296)
(224, 301)
(265, 302)
(190, 308)
(231, 309)
(297, 291)
(129, 298)
(148, 311)
(121, 294)
(247, 290)
(151, 316)
(266, 303)
(98, 310)
(258, 299)
(250, 295)
(193, 318)
(144, 313)
(185, 314)
(251, 296)
(292, 297)
(210, 258)
(110, 320)
(170, 320)
(203, 317)
(136, 327)
(183, 259)
(128, 323)
(169, 324)
(196, 314)
(162, 321)
(146, 313)
(179, 261)
(165, 326)
(186, 269)
(131, 333)
(147, 277)
(158, 323)
(205, 255)
(182, 271)
(148, 278)
(360, 277)
(285, 283)
(184, 317)
(277, 279)
(150, 324)
(175, 268)
(142, 320)
(361, 278)
(174, 272)
(144, 280)
(201, 262)
(146, 326)
(314, 282)
(167, 269)
(170, 274)
(315, 283)
(147, 290)
(348, 280)
(139, 286)
(265, 282)
(171, 275)
(138, 327)
(163, 271)
(215, 281)
(349, 281)
(310, 289)
(134, 329)
(155, 272)
(166, 281)
(345, 283)
(311, 290)
(135, 293)
(127, 289)
(159, 278)
(200, 279)
(203, 284)
(136, 294)
(222, 297)
(337, 284)
(128, 290)
(288, 279)
(329, 280)
(212, 289)
(298, 292)
(204, 285)
(223, 298)
(196, 281)
(264, 299)
(330, 281)
(333, 286)
(146, 280)
(280, 280)
(299, 293)
(291, 289)
(123, 296)
(257, 296)
(155, 285)
(241, 288)
(260, 301)
(207, 295)
(218, 304)
(325, 287)
(317, 283)
(242, 289)
(93, 309)
(253, 298)
(286, 295)
(219, 305)
(211, 301)
(203, 297)
(318, 284)
(222, 310)
(142, 287)
(172, 309)
(287, 296)
(245, 299)
(237, 295)
(248, 304)
(214, 311)
(146, 293)
(280, 293)
(206, 307)
(112, 300)
(198, 303)
(313, 290)
(197, 258)
(249, 305)
(241, 301)
(207, 308)
(199, 304)
(210, 313)
(138, 294)
(168, 316)
(160, 312)
(275, 299)
(267, 295)
(126, 319)
(233, 302)
(225, 298)
(161, 313)
(276, 300)
(202, 314)
(134, 296)
(194, 310)
(111, 312)
(185, 261)
(226, 299)
(237, 308)
(229, 304)
(195, 311)
(198, 316)
(164, 323)
(211, 255)
(263, 302)
(255, 298)
(188, 308)
(221, 305)
(224, 310)
(212, 256)
(149, 316)
(96, 310)
(160, 325)
(181, 268)
(126, 332)
(173, 264)
(225, 311)
(217, 307)
(183, 314)
(175, 310)
(141, 317)
(92, 312)
(207, 262)
(152, 326)
(144, 322)
(251, 305)
(176, 311)
(200, 259)
(145, 323)
(137, 319)
(95, 322)
(169, 271)
(381, 270)
(213, 314)
(172, 276)
(205, 310)
(171, 317)
(163, 313)
(196, 261)
(129, 320)
(162, 268)
(382, 271)
(140, 329)
(173, 277)
(165, 273)
(175, 323)
(141, 330)
(191, 267)
(210, 280)
(369, 273)
(201, 317)
(160, 279)
(294, 279)
(335, 280)
(167, 324)
(159, 320)
(184, 264)
(370, 274)
(161, 280)
(202, 281)
(153, 276)
(331, 282)
(163, 326)
(129, 333)
(176, 265)
(179, 270)
(198, 283)
(332, 283)
(324, 279)
(122, 293)
(282, 282)
(155, 327)
(293, 291)
(243, 290)
(358, 277)
(275, 279)
(316, 280)
(118, 295)
(244, 291)
(285, 292)
(142, 280)
(202, 294)
(194, 290)
(320, 286)
(312, 282)
(144, 289)
(281, 294)
(198, 296)
(145, 290)
(346, 280)
(221, 285)
(213, 281)
(232, 294)
(347, 281)
(138, 287)
(243, 303)
(107, 299)
(308, 289)
(140, 296)
(269, 297)
(194, 303)
(235, 304)
(227, 300)
(334, 283)
(193, 307)
(270, 298)
(201, 284)
(220, 297)
(239, 310)
(197, 313)
(189, 309)
(296, 292)
(106, 311)
(213, 294)
(254, 295)
(224, 303)
(190, 310)
(182, 306)
(223, 307)
(297, 293)
(148, 313)
(247, 292)
(151, 318)
(206, 254)
(98, 312)
(258, 301)
(250, 297)
(193, 320)
(185, 316)
(91, 309)
(284, 295)
(143, 319)
(135, 315)
(201, 297)
(220, 310)
(178, 313)
(219, 314)
(136, 316)
(109, 299)
(202, 261)
(147, 325)
(194, 257)
(139, 321)
(246, 304)
(212, 311)
(204, 307)
(196, 303)
(195, 258)
(181, 323)
(132, 318)
(173, 319)
(198, 263)
(165, 315)
(272, 298)
(164, 270)
(131, 322)
(208, 313)
(174, 320)
(166, 316)
(105, 306)
(190, 264)
(135, 328)
(108, 311)
(182, 260)
(234, 307)
(159, 313)
(200, 314)
(192, 310)
(109, 312)
(183, 261)
(128, 325)
(403, 264)
(120, 321)
(161, 322)
(196, 316)
(162, 323)
(209, 255)
(154, 319)
(146, 315)
(186, 271)
(197, 280)
(147, 279)
(188, 317)
(158, 325)
(205, 257)
(391, 267)
(148, 280)
(184, 319)
(277, 281)
(150, 326)
(142, 322)
(134, 318)
(174, 274)
(166, 270)
(201, 264)
(146, 328)
(314, 284)
(167, 271)
(379, 270)
(170, 276)
(189, 289)
(136, 283)
(147, 292)
(348, 282)
(139, 288)
(265, 284)
(380, 271)
(138, 329)
(130, 325)
(163, 273)
(162, 277)
(341, 279)
(132, 285)
(165, 282)
(310, 291)
(134, 331)
(208, 280)
(155, 274)
(292, 279)
(135, 295)
(336, 285)
(127, 291)
(302, 292)
(253, 287)
(368, 274)
(159, 280)
(200, 281)
(211, 290)
(203, 286)
(222, 299)
(128, 292)
(329, 282)
(279, 281)
(298, 294)
(204, 287)
(245, 288)
(264, 301)
(330, 283)
(256, 297)
(214, 300)
(280, 282)
(299, 295)
(291, 291)
(257, 298)
(230, 281)
(155, 287)
(241, 290)
(260, 303)
(207, 297)
(218, 306)
(191, 289)
(210, 302)
(242, 291)
(283, 292)
(93, 311)
(286, 297)
(211, 303)
(252, 304)
(203, 299)
(244, 300)
(318, 286)
(142, 289)
(134, 285)
(172, 311)
(287, 298)
(279, 294)
(111, 301)
(245, 301)
(248, 306)
(214, 313)
(206, 309)
(198, 305)
(305, 288)
(197, 260)
(164, 312)
(230, 294)
(189, 256)
(241, 303)
(274, 300)
(207, 310)
(199, 306)
(240, 307)
(210, 315)
(138, 296)
(168, 318)
(160, 314)
(275, 301)
(107, 308)
(267, 297)
(126, 321)
(233, 304)
(225, 300)
(236, 309)
(202, 316)
(134, 298)
(153, 311)
(194, 312)
(100, 305)
(226, 301)
(185, 263)
(177, 259)
(237, 310)
(229, 306)
(195, 313)
(198, 318)
(145, 312)
(164, 325)
(211, 257)
(263, 304)
(255, 300)
(106, 320)
(221, 307)
(172, 265)
(213, 303)
(224, 312)
(149, 318)
(96, 312)
(182, 315)
(107, 321)
(181, 270)
(173, 266)
(225, 313)
(217, 309)
(183, 316)
(175, 312)
(141, 319)
(152, 328)
(199, 260)
(144, 324)
(251, 307)
(176, 313)
(168, 272)
(209, 310)
(200, 261)
(145, 325)
(137, 321)
(169, 273)
(161, 269)
(381, 272)
(172, 278)
(205, 312)
(413, 261)
(171, 319)
(162, 270)
(195, 267)
(140, 331)
(214, 280)
(165, 275)
(164, 279)
(133, 328)
(180, 260)
(191, 269)
(210, 282)
(369, 275)
(160, 281)
(335, 282)
(401, 264)
(159, 322)
(184, 266)
(161, 282)
(202, 283)
(153, 278)
(328, 279)
(331, 284)
(176, 267)
(195, 280)
(281, 283)
(179, 272)
(198, 285)
(145, 279)
(324, 281)
(357, 278)
(122, 295)
(274, 280)
(293, 293)
(191, 282)
(243, 292)
(358, 279)
(316, 282)
(319, 287)
(244, 293)
(285, 294)
(202, 296)
(320, 288)
(312, 284)
(144, 291)
(110, 298)
(262, 283)
(281, 296)
(220, 286)
(239, 299)
(145, 292)
(346, 282)
(137, 288)
(197, 302)
(263, 284)
(304, 285)
(106, 300)
(307, 290)
(240, 300)
(273, 297)
(243, 305)
(163, 282)
(129, 289)
(308, 291)
(132, 294)
(266, 294)
(250, 286)
(269, 299)
(216, 293)
(235, 306)
(227, 302)
(133, 295)
(334, 285)
(193, 309)
(125, 291)
(284, 293)
(143, 317)
(94, 312)
(201, 295)
(220, 308)
(189, 320)
(202, 259)
(147, 323)
(194, 255)
(139, 319)
(254, 306)
(246, 302)
(97, 322)
(212, 309)
(204, 305)
(215, 314)
(195, 256)
(140, 320)
(181, 321)
(113, 303)
(173, 317)
(198, 261)
(280, 300)
(164, 268)
(208, 311)
(174, 318)
(166, 314)
(143, 330)
(190, 262)
(135, 326)
(182, 258)
(242, 309)
(234, 305)
(167, 315)
(200, 312)
(109, 310)
(185, 305)
(251, 287)
(110, 311)
(262, 296)
(201, 286)
(220, 299)
(197, 315)
(189, 311)
(296, 294)
(288, 290)
(254, 297)
(205, 292)
(246, 293)
(182, 308)
(223, 309)
(215, 305)
(148, 315)
(322, 288)
(181, 312)
(206, 256)
(151, 320)
(258, 303)
(90, 310)
(250, 299)
(208, 302)
(174, 309)
(185, 318)
(91, 311)
(284, 297)
(143, 321)
(209, 303)
(135, 317)
(127, 313)
(242, 300)
(178, 315)
(170, 311)
(211, 312)
(136, 318)
(109, 301)
(202, 263)
(147, 327)
(194, 259)
(139, 323)
(246, 306)
(212, 313)
(204, 309)
(196, 305)
(162, 312)
(173, 321)
(165, 317)
(186, 260)
(131, 324)
(272, 300)
(123, 320)
(238, 307)
(189, 265)
(208, 315)
(174, 322)
(166, 318)
(158, 314)
(105, 308)
(124, 321)
(190, 266)
(135, 330)
(182, 262)
(402, 265)
(85, 329)
(200, 316)
(184, 308)
(150, 315)
(183, 263)
(175, 259)
(161, 324)
(153, 320)
(196, 318)
(162, 325)
(209, 257)
(154, 321)
(146, 317)
(104, 320)
(197, 282)
(390, 268)
(188, 319)
(205, 259)
(105, 321)
(171, 266)
(391, 269)
(149, 327)
(148, 282)
(151, 287)
(184, 321)
(150, 328)
(142, 324)
(268, 283)
(174, 276)
(166, 272)
(353, 278)
(311, 281)
(143, 288)
(176, 322)
(135, 284)
(314, 286)
(167, 273)
(159, 269)
(379, 272)
(170, 278)
(136, 285)
(139, 290)
(340, 280)
(138, 331)
(212, 280)
(231, 293)
(162, 279)
(154, 275)
(341, 281)
(131, 291)
(291, 280)
(208, 282)
(155, 276)
(268, 296)
(207, 286)
(367, 275)
(135, 297)
(127, 293)
(302, 294)
(253, 289)
(368, 276)
(294, 290)
(200, 283)
(222, 301)
(329, 284)
(279, 283)
(245, 290)
(264, 303)
(196, 285)
(256, 299)
(322, 281)
(248, 295)
(154, 288)
(355, 278)
(214, 302)
(280, 284)
(321, 285)
(272, 280)
(291, 293)
(257, 300)
(249, 296)
(290, 297)
(241, 292)
(260, 305)
(199, 295)
(218, 308)
(210, 304)
(317, 287)
(283, 294)
(200, 296)
(233, 293)
(252, 306)
(203, 301)
(244, 302)
(318, 288)
(142, 291)
(134, 287)
(172, 313)
(119, 307)
(279, 296)
(111, 303)
(245, 303)
(237, 299)
(214, 315)
(206, 311)
(112, 304)
(198, 307)
(305, 290)
(164, 314)
(230, 296)
(189, 258)
(199, 308)
(240, 309)
(130, 294)
(168, 320)
(160, 316)
(107, 310)
(267, 299)
(181, 259)
(233, 306)
(225, 302)
(217, 298)
(183, 305)
(202, 318)
(194, 314)
(100, 307)
(226, 303)
(152, 317)
(185, 265)
(259, 300)
(229, 308)
(195, 315)
(228, 312)
(145, 314)
(203, 255)
(255, 302)
(221, 309)
(213, 305)
(172, 267)
(205, 301)
(204, 256)
(190, 321)
(182, 317)
(88, 310)
(181, 272)
(148, 324)
(173, 268)
(217, 311)
(183, 318)
(175, 314)
(141, 321)
(133, 317)
(199, 262)
(144, 326)
(191, 258)
(209, 312)
(168, 274)
(201, 308)
(160, 270)
(200, 263)
(192, 259)
(137, 323)
(184, 255)
(169, 275)
(161, 271)
(205, 314)
(171, 321)
(264, 283)
(163, 317)
(132, 329)
(164, 281)
(133, 330)
(207, 279)
(400, 265)
(160, 283)
(335, 284)
(126, 290)
(286, 279)
(327, 280)
(159, 324)
(184, 268)
(150, 275)
(236, 278)
(202, 285)
(153, 280)
(194, 281)
(328, 281)
(331, 286)
(278, 280)
(176, 269)
(195, 282)
(388, 268)
(179, 274)
(198, 287)
(145, 281)
(290, 290)
(323, 287)
(274, 282)
(389, 269)
(293, 295)
(240, 289)
(243, 294)
(149, 287)
(190, 288)
(316, 284)
(148, 291)
(319, 289)
(266, 283)
(285, 296)
(236, 291)
(376, 271)
(141, 288)
(342, 278)
(144, 293)
(278, 293)
(110, 300)
(262, 285)
(281, 298)
(209, 279)
(239, 301)
(145, 294)
(137, 290)
(338, 280)
(197, 304)
(307, 292)
(232, 298)
(205, 281)
(273, 299)
(224, 294)
(231, 302)
(163, 284)
(129, 291)
(300, 289)
(132, 296)
(266, 296)
(250, 288)
(269, 301)
(235, 308)
(208, 291)
(227, 304)
(133, 297)
(193, 311)
(326, 283)
(185, 307)
(251, 289)
(292, 290)
(262, 298)
(295, 295)
(228, 305)
(201, 288)
(220, 301)
(261, 302)
(197, 317)
(189, 313)
(296, 296)
(288, 292)
(147, 316)
(254, 299)
(205, 294)
(246, 295)
(212, 302)
(89, 311)
(204, 298)
(223, 311)
(215, 307)
(140, 313)
(181, 314)
(206, 258)
(173, 310)
(198, 254)
(258, 305)
(90, 312)
(250, 301)
(101, 321)
(208, 304)
(174, 311)
(185, 320)
(284, 299)
(143, 323)
(135, 319)
(201, 301)
(242, 302)
(200, 305)
(170, 313)
(211, 314)
(117, 307)
(203, 310)
(136, 320)
(109, 303)
(169, 317)
(194, 261)
(139, 325)
(172, 322)
(246, 308)
(212, 315)
(204, 311)
(196, 307)
(162, 314)
(173, 323)
(165, 319)
(186, 262)
(272, 302)
(178, 258)
(238, 309)
(189, 267)
(230, 305)
(155, 311)
(166, 320)
(158, 316)
(199, 317)
(105, 310)
(190, 268)
(135, 332)
(182, 264)
(234, 311)
(200, 318)
(184, 310)
(150, 317)
(142, 313)
(175, 261)
(161, 326)
(208, 258)
(153, 322)
(174, 265)
(226, 312)
(364, 276)
(209, 259)
(154, 323)
(201, 255)
(146, 319)
(104, 322)
(197, 284)
(170, 267)
(356, 277)
(188, 321)
(205, 261)
(171, 268)
(138, 320)
(149, 329)
(140, 280)
(352, 279)
(310, 282)
(142, 326)
(92, 325)
(166, 274)
(158, 270)
(378, 273)
(311, 283)
(143, 290)
(344, 280)
(135, 286)
(314, 288)
(167, 275)
(159, 271)
(211, 281)
(136, 287)
(139, 292)
(340, 282)
(306, 289)
(212, 282)
(204, 278)
(162, 281)
(154, 277)
(341, 283)
(333, 279)
(268, 298)
(155, 278)
(199, 284)
(218, 297)
(124, 290)
(210, 293)
(325, 280)
(284, 279)
(135, 299)
(127, 295)
(283, 283)
(294, 292)
(200, 285)
(219, 298)
(211, 294)
(252, 295)
(222, 303)
(329, 286)
(276, 280)
(153, 289)
(119, 296)
(245, 292)
(196, 287)
(256, 301)
(248, 297)
(355, 280)
(214, 304)
(206, 300)
(321, 287)
(272, 282)
(313, 283)
(249, 298)
(241, 294)
(282, 295)
(199, 297)
(218, 310)
(210, 306)
(317, 289)
(283, 296)
(118, 308)
(233, 295)
(184, 290)
(244, 304)
(236, 300)
(142, 293)
(343, 283)
(134, 289)
(309, 290)
(172, 315)
(279, 298)
(193, 258)
(111, 305)
(245, 305)
(237, 301)
(195, 304)
(206, 313)
(198, 309)
(305, 292)
(164, 316)
(263, 295)
(221, 298)
(130, 296)
(168, 322)
(160, 318)
(107, 312)
(267, 301)
(99, 308)
(233, 308)
(225, 304)
(217, 300)
(183, 307)
(194, 316)
(207, 255)
(152, 319)
(144, 315)
(259, 302)
(251, 298)
(145, 316)
(203, 257)
(255, 304)
(87, 311)
(221, 311)
(172, 269)
(205, 303)
(171, 310)
(204, 258)
(182, 319)
(88, 312)
(148, 326)
(99, 321)
(140, 322)
(173, 270)
(165, 266)
(247, 305)
(385, 269)
(217, 313)
(183, 320)
(175, 316)
(141, 323)
(133, 319)
(199, 264)
(144, 328)
(191, 260)
(168, 276)
(209, 314)
(201, 310)
(160, 272)
(167, 317)
(200, 265)
(137, 325)
(184, 257)
(170, 322)
(169, 277)
(136, 329)
(161, 273)
(205, 316)
(339, 279)
(171, 323)
(163, 319)
(129, 326)
(132, 331)
(206, 280)
(179, 263)
(133, 332)
(149, 276)
(160, 285)
(126, 292)
(327, 282)
(159, 326)
(252, 288)
(202, 287)
(362, 276)
(175, 270)
(328, 283)
(320, 279)
(278, 282)
(176, 271)
(289, 291)
(198, 289)
(239, 290)
(323, 289)
(274, 284)
(221, 278)
(240, 291)
(171, 277)
(350, 279)
(316, 286)
(308, 282)
(140, 289)
(225, 284)
(285, 298)
(277, 294)
(376, 273)
(235, 297)
(141, 290)
(342, 280)
(133, 286)
(278, 295)
(311, 292)
(209, 281)
(239, 303)
(137, 292)
(338, 282)
(197, 306)
(304, 289)
(136, 296)
(288, 281)
(106, 304)
(273, 301)
(205, 283)
(224, 296)
(265, 297)
(231, 304)
(223, 300)
(300, 291)
(132, 298)
(266, 298)
(98, 305)
(250, 290)
(101, 310)
(235, 310)
(208, 293)
(227, 306)
(133, 299)
(125, 295)
(193, 313)
(326, 285)
(185, 309)
(292, 292)
(143, 312)
(94, 307)
(209, 294)
(220, 303)
(261, 304)
(253, 300)
(219, 307)
(189, 315)
(222, 312)
(288, 294)
(147, 318)
(139, 314)
(254, 301)
(246, 297)
(212, 304)
(204, 300)
(223, 313)
(196, 296)
(181, 316)
(113, 298)
(132, 311)
(247, 298)
(173, 312)
(198, 256)
(280, 295)
(250, 303)
(208, 306)
(249, 307)
(174, 313)
(185, 322)
(143, 325)
(190, 257)
(135, 321)
(108, 304)
(242, 304)
(234, 300)
(93, 324)
(200, 307)
(192, 303)
(211, 316)
(203, 312)
(109, 305)
(128, 318)
(169, 319)
(161, 315)
(194, 263)
(172, 324)
(204, 313)
(196, 309)
(162, 316)
(165, 321)
(186, 264)
(104, 311)
(189, 269)
(230, 307)
(188, 310)
(158, 318)
(199, 319)
(105, 312)
(190, 270)
(182, 266)
(160, 327)
(151, 278)
(184, 312)
(150, 319)
(142, 315)
(134, 311)
(395, 266)
(153, 324)
(208, 260)
(174, 267)
(143, 279)
(154, 325)
(201, 257)
(146, 321)
(170, 269)
(356, 279)
(139, 281)
(273, 281)
(138, 322)
(130, 318)
(196, 263)
(383, 269)
(310, 284)
(142, 328)
(134, 324)
(409, 263)
(166, 276)
(185, 289)
(143, 292)
(344, 282)
(135, 288)
(261, 284)
(302, 285)
(159, 273)
(219, 287)
(203, 279)
(136, 289)
(337, 279)
(139, 294)
(340, 284)
(306, 291)
(212, 284)
(130, 331)
(204, 280)
(397, 266)
(162, 283)
(154, 279)
(333, 281)
(299, 288)
(131, 295)
(332, 285)
(123, 291)
(249, 287)
(155, 280)
(268, 300)
(260, 296)
(158, 285)
(199, 286)
(218, 299)
(124, 292)
(210, 295)
(325, 282)
(127, 297)
(234, 280)
(275, 281)
(294, 294)
(200, 287)
(211, 296)
(252, 297)
(318, 279)
(150, 286)
(276, 282)
(287, 291)
(245, 294)
(237, 290)
(256, 303)
(248, 299)
(214, 306)
(146, 288)
(206, 302)
(321, 289)
(272, 284)
(238, 291)
(282, 297)
(207, 303)
(218, 312)
(210, 308)
(138, 289)
(168, 311)
(283, 298)
(275, 294)
(107, 301)
(126, 314)
(233, 297)
(244, 306)
(236, 302)
(142, 295)
(134, 291)
(202, 309)
(194, 305)
(309, 292)
(301, 288)
(111, 307)
(226, 294)
(185, 256)
(237, 303)
(229, 299)
(270, 300)
(195, 306)
(206, 315)
(198, 311)
(104, 304)
(164, 318)
(263, 297)
(122, 321)
(221, 300)
(224, 305)
(130, 298)
(149, 311)
(190, 312)
(297, 295)
(160, 320)
(267, 303)
(99, 310)
(233, 310)
(225, 306)
(217, 302)
(183, 309)
(175, 305)
(194, 318)
(100, 311)
(207, 257)
(152, 321)
(144, 317)
(259, 304)
(251, 300)
(220, 312)
(200, 254)
(145, 318)
(203, 259)
(255, 306)
(169, 266)
(221, 313)
(172, 271)
(213, 309)
(205, 305)
(171, 312)
(196, 256)
(182, 321)
(148, 328)
(195, 260)
(140, 324)
(132, 320)
(247, 307)
(165, 268)
(198, 265)
(164, 272)
(175, 318)
(141, 325)
(133, 321)
(144, 330)
(218, 279)
(191, 262)
(377, 272)
(209, 316)
(168, 278)
(201, 312)
(160, 274)
(167, 319)
(159, 315)
(184, 259)
(170, 324)
(136, 331)
(161, 275)
(339, 281)
(171, 325)
(163, 321)
(176, 260)
(289, 280)
(206, 282)
(179, 265)
(332, 278)
(365, 275)
(290, 281)
(155, 322)
(158, 327)
(366, 276)
(149, 278)
(126, 294)
(327, 284)
(277, 283)
(175, 272)
(194, 285)
(328, 285)
(152, 288)
(278, 284)
(176, 273)
(289, 293)
(220, 279)
(239, 292)
(354, 279)
(315, 287)
(307, 283)
(240, 293)
(171, 279)
(163, 275)
(350, 281)
(316, 288)
(308, 284)
(140, 291)
(132, 287)
(277, 296)
(235, 299)
(141, 292)
(227, 295)
(342, 282)
(133, 288)
(259, 284)
(110, 304)
(303, 290)
(209, 283)
(201, 279)
(239, 305)
(338, 284)
(304, 291)
(136, 298)
(128, 294)
(213, 289)
(205, 285)
(246, 286)
(265, 299)
(212, 293)
(231, 306)
(297, 288)
(223, 302)
(129, 295)
(330, 285)
(300, 293)
(181, 305)
(247, 287)
(266, 300)
(98, 307)
(258, 296)
(101, 312)
(216, 299)
(208, 295)
(227, 308)
(193, 315)
(326, 287)
(185, 311)
(292, 294)
(143, 314)
(94, 309)
(209, 296)
(242, 293)
(219, 309)
(211, 305)
(202, 256)
(288, 296)
(147, 320)
(139, 316)
(254, 303)
(246, 299)
(212, 306)
(215, 311)
(181, 318)
(173, 314)
(280, 297)
(131, 317)
(197, 262)
(238, 300)
(208, 308)
(241, 305)
(174, 315)
(166, 311)
(207, 312)
(105, 301)
(143, 327)
(190, 259)
(135, 323)
(108, 306)
(127, 319)
(410, 262)
(242, 306)
(234, 302)
(200, 309)
(203, 314)
(109, 307)
(183, 256)
(169, 321)
(120, 316)
(161, 317)
(89, 328)
(204, 315)
(196, 311)
(162, 318)
(154, 314)
(165, 323)
(186, 266)
(131, 330)
(398, 265)
(230, 309)
(189, 271)
(188, 312)
(213, 256)
(399, 266)
(182, 268)
(149, 320)
(151, 280)
(184, 314)
(150, 321)
(142, 317)
(235, 279)
(153, 326)
(100, 320)
(174, 269)
(166, 265)
(143, 281)
(176, 315)
(201, 259)
(146, 323)
(387, 269)
(145, 327)
(170, 271)
(147, 287)
(139, 283)
(138, 324)
(130, 320)
(383, 271)
(196, 265)
(162, 272)
(349, 278)
(165, 277)
(142, 330)
(134, 326)
(375, 272)
(166, 278)
(143, 294)
(135, 290)
(336, 280)
(302, 287)
(371, 274)
(203, 281)
(337, 281)
(161, 284)
(287, 280)
(306, 293)
(298, 289)
(130, 333)
(204, 282)
(264, 296)
(248, 288)
(154, 281)
(146, 277)
(131, 297)
(123, 293)
(324, 283)
(249, 289)
(260, 298)
(199, 288)
(359, 277)
(218, 301)
(124, 294)
(325, 284)
(317, 280)
(127, 299)
(275, 283)
(294, 296)
(200, 289)
(286, 292)
(252, 299)
(203, 294)
(244, 295)
(318, 281)
(150, 288)
(351, 278)
(276, 284)
(172, 306)
(287, 293)
(226, 283)
(237, 292)
(256, 305)
(248, 301)
(146, 290)
(214, 308)
(206, 304)
(112, 297)
(313, 287)
(282, 299)
(274, 295)
(207, 305)
(199, 301)
(240, 302)
(210, 310)
(138, 291)
(243, 307)
(130, 287)
(168, 313)
(275, 296)
(107, 303)
(233, 299)
(225, 295)
(244, 308)
(236, 304)
(202, 311)
(194, 307)
(301, 290)
(111, 309)
(226, 296)
(185, 258)
(270, 302)
(195, 308)
(206, 317)
(198, 313)
(164, 320)
(263, 299)
(255, 295)
(221, 302)
(224, 307)
(149, 313)
(190, 314)
(96, 307)
(182, 310)
(148, 317)
(181, 265)
(99, 312)
(173, 261)
(225, 308)
(151, 322)
(217, 304)
(183, 311)
(194, 320)
(141, 314)
(92, 309)
(207, 259)
(199, 255)
(144, 319)
(251, 302)
(168, 267)
(209, 305)
(220, 314)
(200, 256)
(145, 320)
(137, 316)
(178, 317)
(203, 261)
(169, 268)
(147, 329)
(172, 273)
(213, 311)
(205, 307)
(171, 314)
(195, 262)
(140, 326)
(187, 258)
(132, 322)
(164, 274)
(175, 320)
(141, 327)
(188, 259)
(174, 324)
(125, 319)
(191, 264)
(91, 326)
(157, 271)
(168, 280)
(160, 276)
(201, 314)
(167, 321)
(159, 317)
(184, 261)
(404, 264)
(183, 265)
(87, 328)
(152, 277)
(339, 283)
(331, 279)
(163, 323)
(129, 330)
(176, 262)
(206, 284)
(179, 267)
(198, 280)
(365, 277)
(282, 279)
(323, 280)
(149, 280)
(327, 286)
(151, 289)
(269, 281)
(175, 274)
(194, 287)
(141, 281)
(353, 280)
(270, 282)
(176, 275)
(289, 295)
(239, 294)
(145, 287)
(137, 283)
(197, 297)
(315, 289)
(163, 277)
(231, 295)
(182, 290)
(316, 290)
(140, 293)
(132, 289)
(277, 298)
(235, 301)
(208, 284)
(141, 294)
(227, 297)
(133, 290)
(334, 280)
(110, 306)
(303, 292)
(209, 285)
(295, 288)
(201, 281)
(261, 295)
(159, 284)
(197, 310)
(189, 306)
(304, 293)
(296, 289)
(128, 296)
(120, 292)
(205, 287)
(246, 288)
(265, 301)
(97, 308)
(212, 295)
(231, 308)
(223, 304)
(129, 297)
(215, 300)
(330, 287)
(121, 293)
(322, 283)
(181, 307)
(247, 289)
(98, 309)
(258, 298)
(291, 295)
(208, 297)
(227, 310)
(193, 317)
(185, 313)
(292, 296)
(284, 292)
(143, 316)
(201, 294)
(242, 295)
(234, 291)
(253, 304)
(219, 311)
(211, 307)
(203, 303)
(318, 290)
(202, 258)
(169, 310)
(288, 298)
(139, 318)
(254, 305)
(86, 312)
(246, 301)
(97, 321)
(212, 308)
(204, 304)
(215, 313)
(181, 320)
(173, 316)
(165, 312)
(280, 299)
(272, 295)
(131, 319)
(186, 255)
(123, 315)
(238, 302)
(197, 264)
(189, 260)
(230, 298)
(241, 307)
(166, 313)
(207, 314)
(199, 310)
(105, 303)
(190, 261)
(135, 325)
(108, 308)
(182, 257)
(127, 321)
(242, 308)
(234, 304)
(200, 311)
(203, 316)
(169, 323)
(161, 319)
(153, 315)
(185, 267)
(226, 305)
(196, 313)
(162, 320)
(154, 316)
(195, 317)
(146, 312)
(165, 325)
(112, 319)
(186, 268)
(131, 332)
(188, 314)
(108, 321)
(149, 322)
(182, 270)
(148, 277)
(360, 276)
(184, 316)
(150, 323)
(142, 319)
(153, 328)
(100, 322)
(174, 271)
(166, 267)
(386, 270)
(176, 317)
(201, 261)
(314, 281)
(167, 268)
(145, 329)
(219, 278)
(170, 273)
(147, 289)
(348, 279)
(130, 322)
(264, 285)
(215, 280)
(162, 274)
(374, 273)
(165, 279)
(131, 286)
(310, 288)
(134, 328)
(166, 280)
(207, 281)
(336, 282)
(302, 289)
(184, 270)
(203, 283)
(222, 296)
(337, 283)
(150, 277)
(329, 279)
(287, 282)
(298, 291)
(196, 280)
(264, 298)
(248, 290)
(363, 277)
(146, 279)
(131, 299)
(123, 295)
(324, 285)
(249, 291)
(290, 292)
(260, 300)
(207, 294)
(218, 303)
(325, 286)
(317, 282)
(149, 289)
(286, 294)
(252, 301)
(203, 296)
(150, 290)
(236, 293)
(351, 280)
(202, 300)
(309, 283)
(111, 298)
(312, 288)
(245, 298)
(237, 294)
(195, 297)
(214, 310)
(146, 292)
(206, 306)
(198, 302)
(313, 289)
(274, 297)
(199, 303)
(240, 304)
(232, 300)
(138, 293)
(130, 289)
(243, 309)
(168, 315)
(275, 298)
(107, 305)
(267, 294)
(233, 301)
(225, 297)
(236, 306)
(202, 313)
(134, 295)
(194, 309)
(301, 292)
(111, 311)
(259, 295)
(262, 300)
(195, 310)
(228, 307)
(198, 315)
(164, 322)
(197, 319)
(263, 301)
(95, 308)
(255, 297)
(221, 304)
(213, 300)
(205, 296)
(224, 309)
(190, 316)
(96, 309)
(182, 312)
(148, 319)
(140, 315)
(173, 263)
(206, 260)
(151, 324)
(225, 310)
(217, 306)
(183, 313)
(175, 309)
(141, 316)
(207, 261)
(152, 325)
(199, 257)
(144, 321)
(251, 304)
(168, 269)
(209, 307)
(201, 303)
(200, 258)
(137, 318)
(178, 319)
(170, 315)
(203, 263)
(169, 270)
(136, 322)
(213, 313)
(172, 275)
(139, 327)
(205, 309)
(171, 316)
(163, 312)
(129, 319)
(195, 264)
(140, 328)
(187, 260)
(132, 324)
(407, 263)
(90, 327)
(164, 276)
(156, 272)
(133, 325)
(125, 321)
(166, 322)
(191, 266)
(201, 316)
(160, 278)
(335, 279)
(167, 323)
(159, 319)
(370, 273)
(183, 267)
(202, 280)
(175, 263)
(152, 279)
(331, 281)
(163, 325)
(129, 332)
(176, 264)
(281, 280)
(396, 267)
(179, 269)
(198, 282)
(197, 286)
(122, 292)
(282, 281)
(323, 282)
(205, 263)
(243, 289)
(171, 270)
(148, 286)
(140, 282)
(327, 288)
(319, 284)
(285, 291)
(269, 283)
(384, 270)
(175, 276)
(194, 289)
(312, 281)
(144, 288)
(270, 284)
(281, 293)
(314, 290)
(167, 277)
(346, 279)
(315, 291)
(213, 280)
(273, 294)
(372, 273)
(163, 279)
(231, 297)
(308, 288)
(140, 295)
(277, 300)
(269, 296)
(101, 303)
(235, 303)
(227, 299)
(334, 282)
(193, 306)
(284, 281)
(303, 294)
(295, 290)
(201, 283)
(220, 296)
(261, 297)
(159, 286)
(219, 300)
(189, 308)
(222, 305)
(296, 291)
(128, 298)
(147, 311)
(120, 294)
(246, 290)
(265, 303)
(97, 310)
(204, 293)
(223, 306)
(196, 289)
(129, 299)
(215, 302)
(121, 295)
(322, 285)
(181, 309)
(247, 291)
(253, 306)
(200, 300)
(219, 313)
(211, 309)
(203, 305)
(202, 260)
(169, 312)
(120, 307)
(194, 256)
(276, 295)
(246, 303)
(279, 300)
(212, 310)
(204, 306)
(245, 307)
(196, 302)
(215, 315)
(181, 322)
(173, 318)
(165, 314)
(112, 308)
(186, 257)
(272, 297)
(131, 321)
(197, 266)
(238, 304)
(189, 262)
(230, 300)
(241, 309)
(207, 316)
(199, 312)
(105, 305)
(190, 263)
(108, 310)
(182, 259)
(168, 324)
(234, 306)
(200, 313)
(184, 305)
(203, 318)
(150, 312)
(161, 321)
(153, 317)
(174, 260)
(111, 320)
(226, 307)
(185, 269)
(229, 312)
(154, 318)
(195, 319)
(146, 314)
(186, 270)
(197, 279)
(188, 316)
(147, 278)
(138, 315)
(204, 260)
(149, 324)
(360, 278)
(173, 272)
(184, 318)
(217, 315)
(150, 325)
(142, 321)
(183, 322)
(134, 317)
(174, 273)
(166, 269)
(176, 319)
(167, 270)
(170, 275)
(137, 327)
(222, 285)
(169, 279)
(348, 281)
(139, 287)
(306, 284)
(138, 328)
(405, 263)
(215, 282)
(88, 327)
(162, 276)
(165, 281)
(131, 288)
(155, 273)
(207, 283)
(199, 279)
(135, 294)
(336, 284)
(127, 290)
(302, 291)
(200, 280)
(203, 285)
(222, 298)
(150, 279)
(329, 281)
(279, 280)
(298, 293)
(245, 287)
(196, 282)
(264, 300)
(256, 296)
(195, 286)
(146, 281)
(206, 295)
(324, 287)
(290, 294)
(241, 289)
(207, 296)
(218, 305)
(191, 288)
(138, 282)
(325, 288)
(317, 284)
(149, 291)
(267, 283)
(286, 296)
(252, 303)
(244, 299)
(142, 288)
(343, 278)
(202, 302)
(134, 284)
(111, 300)
(312, 290)
(245, 300)
(278, 297)
(248, 305)
(214, 312)
(206, 308)
(198, 304)
(313, 291)
(164, 311)
(137, 294)
(274, 299)
(106, 306)
(240, 306)
(232, 302)
(138, 295)
(224, 298)
(130, 291)
(190, 305)
(160, 313)
(107, 307)
(267, 296)
(126, 320)
(233, 303)
(225, 299)
(236, 308)
(202, 315)
(134, 297)
(194, 311)
(100, 304)
(301, 294)
(152, 314)
(259, 297)
(262, 302)
(228, 309)
(220, 305)
(145, 311)
(211, 256)
(189, 317)
(263, 303)
(95, 310)
(255, 299)
(221, 306)
(213, 302)
(205, 298)
(224, 311)
(190, 318)
(96, 311)
(182, 314)
(148, 321)
(140, 317)
(206, 262)
(151, 326)
(247, 300)
(198, 258)
(217, 308)
(250, 305)
(183, 315)
(175, 311)
(141, 318)
(152, 327)
(199, 259)
(144, 323)
(191, 255)
(251, 306)
(168, 271)
(209, 309)
(201, 305)
(167, 312)
(178, 321)
(170, 317)
(136, 324)
(128, 320)
(161, 268)
(381, 271)
(139, 329)
(213, 315)
(194, 265)
(205, 311)
(171, 318)
(163, 314)
(129, 321)
(195, 266)
(140, 330)
(214, 279)
(179, 258)
(373, 272)
(164, 278)
(180, 259)
(293, 279)
(166, 324)
(158, 320)
(191, 268)
(369, 274)
(127, 332)
(160, 280)
(201, 318)
(335, 281)
(167, 325)
(159, 321)
(285, 280)
(109, 320)
(183, 269)
(128, 333)
(202, 282)
(175, 265)
(331, 283)
(176, 266)
(281, 282)
(154, 327)
(145, 278)
(197, 288)
(357, 277)
(122, 294)
(323, 284)
(315, 280)
(273, 283)
(243, 291)
(358, 278)
(171, 272)
(163, 268)
(316, 281)
(148, 288)
(319, 286)
(285, 293)
(216, 279)
(235, 292)
(144, 290)
(345, 280)
(311, 287)
(167, 279)
(159, 275)
(346, 281)
(197, 301)
(304, 284)
(307, 289)
(213, 282)
(139, 296)
(273, 296)
(205, 278)
(372, 275)
(163, 281)
(231, 299)
(223, 295)
(129, 288)
(333, 283)
(299, 290)
(269, 298)
(101, 305)
(235, 305)
(227, 301)
(268, 302)
(334, 284)
(193, 308)
(125, 290)
(326, 280)
(284, 283)
(295, 292)
(201, 285)
(261, 299)
(253, 295)
(219, 302)
(296, 293)
(222, 307)
(147, 313)
(120, 296)
(254, 296)
(246, 292)
(97, 312)
(204, 295)
(223, 308)
(215, 304)
(322, 287)
(181, 311)
(90, 309)
(238, 293)
(197, 255)
(249, 302)
(174, 308)
(218, 314)
(284, 296)
(143, 320)
(135, 316)
(108, 299)
(242, 299)
(234, 295)
(200, 302)
(211, 311)
(203, 307)
(109, 300)
(169, 314)
(194, 258)
(276, 297)
(172, 319)
(204, 308)
(196, 304)
(237, 305)
(173, 320)
(165, 316)
(112, 310)
(186, 259)
(272, 299)
(104, 306)
(238, 306)
(189, 264)
(230, 302)
(199, 314)
(105, 307)
(124, 320)
(190, 265)
(108, 312)
(182, 261)
(402, 264)
(160, 322)
(200, 315)
(192, 311)
(184, 307)
(150, 314)
(161, 323)
(208, 255)
(153, 319)
(174, 262)
(226, 309)
(185, 271)
(209, 256)
(176, 308)
(146, 316)
(170, 264)
(147, 280)
(188, 318)
(138, 317)
(204, 262)
(196, 258)
(173, 274)
(165, 270)
(142, 323)
(134, 319)
(268, 282)
(174, 275)
(166, 271)
(218, 281)
(143, 287)
(176, 321)
(379, 271)
(137, 329)
(161, 277)
(340, 279)
(138, 330)
(162, 278)
(181, 291)
(154, 274)
(214, 288)
(131, 290)
(291, 279)
(332, 280)
(268, 295)
(155, 275)
(207, 285)
(199, 281)
(210, 290)
(127, 292)
(283, 280)
(302, 293)
(294, 289)
(200, 282)
(393, 268)
(203, 287)
(244, 288)
(150, 281)
(328, 287)
(119, 293)
(279, 282)
(298, 295)
(245, 289)
(264, 302)
(256, 298)
(154, 287)
(195, 288)
(355, 277)
(214, 301)
(206, 297)
(321, 284)
(313, 280)
(290, 296)
(241, 291)
(282, 292)
(207, 298)
(240, 295)
(210, 303)
(138, 284)
(347, 278)
(317, 286)
(243, 300)
(283, 293)
(286, 298)
(233, 292)
(252, 305)
(244, 301)
(236, 297)
(142, 290)
(183, 291)
(343, 280)
(202, 304)
(134, 286)
(309, 287)
(278, 299)
(270, 295)
(206, 310)
(198, 306)
(239, 307)
(305, 289)
(164, 313)
(137, 296)
(274, 301)
(106, 308)
(221, 295)
(240, 308)
(138, 297)
(224, 300)
(190, 307)
(297, 290)
(267, 298)
(181, 258)
(99, 305)
(214, 255)
(300, 295)
(233, 305)
(151, 315)
(266, 302)
(225, 301)
(236, 310)
(202, 317)
(194, 313)
(152, 316)
(144, 312)
(259, 299)
(210, 257)
(251, 295)
(262, 304)
(94, 311)
(220, 307)
(145, 313)
(211, 258)
(189, 319)
(95, 312)
(255, 301)
(106, 321)
(147, 322)
(221, 308)
(172, 266)
(213, 304)
(224, 313)
(190, 320)
(182, 316)
(148, 323)
(140, 319)
(247, 302)
(151, 328)
(198, 260)
(98, 322)
(250, 307)
(164, 267)
(175, 313)
(208, 310)
(141, 320)
(133, 316)
(174, 317)
(199, 261)
(144, 325)
(191, 257)
(143, 329)
(209, 311)
(168, 273)
(160, 269)
(201, 307)
(167, 314)
(178, 323)
(412, 261)
(170, 319)
(136, 326)
(183, 258)
(194, 267)
(139, 331)
(205, 313)
(171, 320)
(163, 316)
(204, 317)
(132, 328)
(179, 260)
(373, 274)
(164, 280)
(158, 322)
(335, 283)
(126, 289)
(327, 279)
(159, 323)
(285, 282)
(183, 271)
(202, 284)
(175, 267)
(194, 280)
(361, 277)
(144, 279)
(278, 279)
(176, 268)
(281, 284)
(146, 325)
(179, 273)
(145, 280)
(197, 290)
(357, 279)
(323, 286)
(315, 282)
(414, 261)
(171, 274)
(190, 287)
(163, 270)
(316, 283)
(148, 290)
(349, 280)
(140, 286)
(266, 282)
(285, 295)
(216, 281)
(144, 292)
(345, 282)
(311, 289)
(262, 284)
(303, 285)
(167, 281)
(159, 277)
(338, 279)
(197, 303)
(136, 293)
(128, 289)
(307, 291)
(273, 298)
(205, 280)
(265, 294)
(163, 283)
(231, 301)
(204, 284)
(223, 297)
(129, 290)
(215, 293)
(330, 280)
(132, 295)
(333, 285)
(299, 292)
(250, 287)
(101, 307)
(227, 303)
(334, 286)
(193, 310)
(326, 282)
(185, 306)
(292, 289)
(295, 294)
(201, 287)
(242, 288)
(261, 301)
(93, 308)
(253, 297)
(219, 304)
(318, 283)
(222, 309)
(288, 291)
(147, 315)
(254, 298)
(287, 295)
(212, 301)
(89, 310)
(204, 297)
(223, 310)
(215, 306)
(322, 289)
(181, 313)
(173, 309)
(280, 292)
(90, 311)
(131, 312)
(197, 257)
(238, 295)
(249, 304)
(241, 300)
(207, 307)
(210, 312)
(143, 322)
(135, 318)
(108, 301)
(242, 301)
(234, 297)
(200, 304)
(211, 313)
(203, 309)
(169, 316)
(161, 312)
(276, 299)
(172, 321)
(185, 260)
(226, 298)
(196, 306)
(229, 303)
(162, 313)
(173, 322)
(165, 318)
(272, 301)
(131, 325)
(104, 308)
(186, 261)
(123, 321)
(238, 308)
(189, 266)
(230, 304)
(188, 307)
(199, 316)
(212, 255)
(182, 263)
(149, 315)
(160, 324)
(181, 267)
(184, 309)
(150, 316)
(161, 325)
(208, 257)
(153, 321)
(174, 264)
(92, 311)
(394, 267)
(209, 258)
(176, 310)
(104, 321)
(145, 322)
(170, 266)
(390, 269)
(188, 320)
(138, 319)
(149, 328)
(196, 260)
(96, 322)
(382, 270)
(173, 276)
(165, 272)
(310, 281)
(142, 325)
(134, 321)
(175, 322)
(268, 284)
(141, 329)
(92, 324)
(166, 273)
(378, 272)
(210, 279)
(143, 289)
(344, 279)
(176, 323)
(135, 285)
(137, 331)
(211, 280)
(184, 263)
(161, 279)
(340, 281)
(306, 288)
(162, 280)
(154, 276)
(206, 286)
(291, 281)
(332, 282)
(367, 276)
(293, 290)
(199, 283)
(325, 279)
(149, 282)
(283, 282)
(294, 291)
(200, 284)
(118, 294)
(252, 294)
(244, 290)
(142, 279)
(276, 279)
(153, 288)
(119, 295)
(279, 284)
(320, 285)
(245, 291)
(256, 300)
(248, 296)
(289, 297)
(195, 290)
(355, 279)
(214, 303)
(206, 299)
(321, 286)
(198, 295)
(313, 282)
(145, 289)
(282, 294)
(199, 296)
(232, 293)
(347, 280)
(138, 286)
(243, 302)
(283, 295)
(118, 307)
(233, 294)
(244, 303)
(236, 299)
(142, 292)
(343, 282)
(202, 306)
(134, 288)
(309, 289)
(141, 296)
(111, 304)
(110, 308)
(270, 297)
(195, 303)
(228, 300)
(198, 308)
(239, 309)
(305, 291)
(164, 315)
(137, 298)
(197, 312)
(106, 310)
(221, 297)
(213, 293)
(224, 302)
(130, 295)
(190, 309)
(182, 305)
(297, 292)
(107, 311)
(148, 312)
(99, 307)
(151, 317)
(225, 303)
(217, 299)
(258, 300)
(183, 306)
(194, 315)
(227, 312)
(207, 254)
(152, 318)
(193, 319)
(144, 314)
(259, 301)
(91, 308)
(210, 259)
(251, 297)
(201, 296)
(220, 309)
(178, 312)
(203, 256)
(189, 321)
(255, 303)
(136, 315)
(87, 310)
(221, 310)
(147, 324)
(213, 306)
(139, 320)
(172, 268)
(205, 302)
(171, 309)
(182, 318)
(148, 325)
(195, 257)
(140, 321)
(132, 317)
(247, 304)
(198, 262)
(164, 269)
(208, 312)
(133, 318)
(174, 319)
(125, 314)
(199, 263)
(166, 315)
(191, 259)
(168, 275)
(209, 313)
(201, 309)
(160, 271)
(167, 316)
(159, 312)
(170, 321)
(136, 328)
(109, 311)
(183, 260)
(163, 318)
(196, 315)
(129, 325)
(121, 321)
(162, 322)
(132, 330)
(179, 262)
(164, 282)
(158, 324)
(205, 256)
(182, 272)
(335, 285)
(148, 279)
(327, 281)
(159, 325)
(277, 280)
(392, 267)
(175, 269)
(194, 282)
(144, 281)
(278, 281)
(201, 263)
(146, 327)
(388, 269)
(314, 283)
(239, 289)
(189, 288)
(323, 288)
(315, 284)
(147, 291)
(265, 283)
(380, 270)
(171, 276)
(190, 289)
(163, 272)
(140, 288)
(341, 278)
(266, 284)
(277, 293)
(310, 290)
(376, 272)
(134, 330)
(208, 279)
(342, 279)
(133, 285)
(144, 294)
(110, 301)
(311, 291)
(303, 287)
(209, 280)
(159, 279)
(338, 281)
(197, 305)
(304, 288)
(136, 295)
(337, 285)
(128, 291)
(288, 280)
(307, 293)
(254, 287)
(273, 300)
(265, 296)
(212, 290)
(231, 303)
(204, 286)
(223, 299)
(129, 292)
(330, 282)
(132, 297)
(280, 281)
(299, 294)
(250, 289)
(291, 290)
(257, 297)
(155, 286)
(260, 302)
(193, 312)
(326, 284)
(185, 308)
(292, 291)
(295, 296)
(242, 290)
(261, 303)
(93, 310)
(253, 299)
(219, 306)
(211, 302)
(222, 311)
(172, 310)
(287, 297)
(279, 293)
(212, 303)
(89, 312)
(204, 299)
(215, 308)
(113, 297)
(181, 315)
(173, 311)
(280, 294)
(112, 301)
(197, 259)
(189, 255)
(230, 293)
(249, 306)
(241, 302)
(207, 309)
(199, 305)
(210, 314)
(190, 256)
(135, 320)
(108, 303)
(242, 303)
(168, 317)
(234, 299)
(93, 323)
(275, 300)
(200, 306)
(211, 315)
(203, 311)
(109, 304)
(169, 318)
(161, 314)
(276, 301)
(172, 323)
(226, 300)
(185, 262)
(177, 258)
(237, 309)
(229, 305)
(162, 315)
(154, 311)
(195, 312)
(165, 320)
(186, 263)
(198, 317)
(104, 310)
(178, 259)
(238, 310)
(164, 324)
(230, 306)
(189, 268)
(199, 318)
(105, 311)
(191, 314)
(212, 257)
(149, 317)
(160, 326)
(107, 320)
(181, 269)
(126, 333)
(173, 265)
(184, 311)
(225, 312)
(150, 318)
(142, 314)
(208, 259)
(153, 323)
(174, 266)
(226, 313)
(177, 271)
(176, 312)
(201, 256)
(200, 260)
(145, 324)
(170, 268)
(137, 320)
(169, 272)
(356, 278)
(172, 277)
(138, 321)
(130, 317)
(196, 262)
(162, 269)
(173, 278)
(165, 274)
(310, 283)
(134, 323)
(175, 324)
(409, 262)
(92, 326)
(166, 275)
(158, 271)
(210, 281)
(344, 281)
(135, 287)
(219, 286)
(211, 282)
(184, 265)
(203, 278)
(370, 275)
(161, 281)
(153, 277)
(340, 283)
(130, 330)
(397, 265)
(162, 282)
(154, 278)
(198, 284)
(131, 294)
(332, 284)
(123, 290)
(324, 280)
(282, 283)
(293, 292)
(199, 285)
(218, 298)
(210, 294)
(325, 281)
(275, 280)
(294, 293)
(118, 296)
(252, 296)
(244, 292)
(142, 281)
(202, 295)
(276, 281)
(320, 287)
(245, 293)
(248, 298)
(281, 295)
(214, 305)
(321, 288)
(198, 297)
(145, 291)
(137, 287)
(263, 283)
(282, 296)
(221, 286)
(240, 299)
(232, 295)
(347, 282)
(138, 288)
(243, 304)
(107, 300)
(308, 290)
(118, 309)
(244, 305)
(236, 301)
(134, 290)
(202, 308)
(194, 304)
(309, 291)
(301, 287)
(133, 294)
(251, 286)
(110, 310)
(270, 299)
(262, 295)
(220, 298)
(305, 293)
(197, 314)
(263, 296)
(189, 310)
(106, 312)
(221, 299)
(232, 308)
(224, 304)
(130, 297)
(190, 311)
(182, 307)
(297, 294)
(206, 255)
(151, 319)
(217, 301)
(183, 308)
(207, 256)
(152, 320)
(144, 316)
(259, 303)
(185, 317)
(91, 310)
(251, 299)
(209, 302)
(220, 311)
(178, 314)
(170, 310)
(136, 317)
(87, 312)
(128, 313)
(202, 262)
(147, 326)
(139, 322)
(213, 308)
(172, 270)
(205, 304)
(246, 305)
(171, 311)
(212, 312)
(182, 320)
(148, 327)
(195, 259)
(140, 323)
(132, 319)
(247, 306)
(198, 264)
(164, 271)
(208, 314)
(174, 321)
(166, 317)
(191, 261)
(158, 313)
(377, 271)
(209, 315)
(135, 329)
(168, 277)
(201, 311)
(160, 273)
(167, 318)
(159, 314)
(170, 323)
(136, 330)
(183, 262)
(128, 326)
(403, 265)
(86, 329)
(196, 317)
(176, 259)
(289, 279)
(162, 324)
(154, 320)
(179, 264)
(197, 281)
(158, 326)
(205, 258)
(105, 320)
(391, 268)
(327, 283)
(319, 279)
(184, 320)
(277, 282)
(150, 327)
(175, 271)
(152, 287)
(201, 265)
(146, 329)
(220, 278)
(239, 291)
(354, 278)
(167, 272)
(170, 277)
(136, 284)
(315, 286)
(307, 282)
(139, 289)
(265, 285)
(380, 272)
(171, 278)
(163, 274)
(140, 290)
(341, 280)
(132, 286)
(310, 292)
(134, 332)
(208, 281)
(227, 294)
(342, 281)
(133, 287)
(292, 280)
(303, 289)
(209, 282)
(135, 296)
(253, 288)
(368, 275)
(159, 281)
(136, 297)
(222, 300)
(288, 282)
(329, 283)
(265, 298)
(97, 305)
(231, 305)
(223, 301)
(196, 284)
(129, 294)
(330, 284)
(322, 280)
(132, 299)
(280, 283)
(291, 292)
(101, 311)
(257, 299)
(208, 294)
(249, 295)
(260, 304)
(326, 286)
(185, 310)
(218, 307)
(292, 293)
(143, 313)
(242, 292)
(93, 312)
(253, 301)
(200, 295)
(219, 308)
(211, 304)
(203, 300)
(318, 287)
(222, 313)
(169, 307)
(172, 312)
(279, 295)
(204, 301)
(245, 302)
(196, 297)
(215, 310)
(248, 307)
(181, 317)
(173, 313)
(214, 314)
(280, 296)
(112, 303)
(197, 261)
(238, 299)
(189, 257)
(230, 295)
(241, 304)
(207, 311)
(199, 307)
(210, 316)
(190, 258)
(108, 305)
(168, 319)
(160, 315)
(93, 325)
(234, 301)
(200, 308)
(203, 313)
(169, 320)
(161, 316)
(134, 299)
(193, 268)
(185, 264)
(226, 302)
(177, 260)
(229, 307)
(195, 314)
(198, 319)
(186, 265)
(104, 312)
(164, 326)
(189, 270)
(230, 308)
(156, 322)
(204, 255)
(149, 319)
(181, 271)
(173, 267)
(184, 313)
(217, 310)
(150, 320)
(142, 316)
(183, 317)
(208, 261)
(153, 325)
(174, 268)
(143, 280)
(176, 314)
(200, 262)
(145, 326)
(192, 258)
(137, 322)
(169, 274)
(161, 270)
(138, 323)
(130, 319)
(196, 264)
(264, 282)
(162, 271)
(214, 281)
(165, 276)
(260, 284)
(375, 271)
(133, 329)
(218, 287)
(191, 270)
(210, 283)
(344, 283)
(336, 279)
(160, 282)
(401, 265)
(211, 284)
(184, 267)
(161, 283)
(153, 279)
(287, 279)
(328, 280)
(298, 288)
(331, 285)
(264, 295)
(237, 278)
(397, 267)
(248, 287)
(154, 280)
(195, 281)
(198, 286)
(332, 286)
(123, 292)
(324, 282)
(274, 281)
(207, 291)
(293, 294)
(389, 268)
(199, 287)
(210, 296)
(325, 283)
(317, 279)
(243, 293)
(149, 286)
(275, 282)
(294, 295)
(286, 291)
(252, 298)
(244, 294)
(150, 287)
(236, 290)
(202, 297)
(320, 289)
(237, 291)
(281, 297)
(206, 303)
(239, 300)
(313, 286)
(145, 293)
(137, 289)
(263, 285)
(282, 298)
(274, 294)
(106, 301)
(240, 301)
(232, 297)
(138, 290)
(243, 306)
(308, 292)
(300, 288)
(233, 298)
(225, 294)
(266, 295)
(236, 303)
(269, 300)
(202, 310)
(194, 306)
(301, 289)
(133, 296)
(125, 292)
(251, 288)
(110, 312)
(270, 301)
(262, 297)
(209, 291)
(228, 304)
(220, 300)
(197, 316)
(189, 312)
(263, 298)
(296, 295)
(221, 301)
(232, 310)
(205, 293)
(224, 306)
(190, 313)
(182, 309)
(148, 316)
(247, 295)
(206, 257)
(151, 321)
(258, 304)
(250, 300)
(101, 320)
(208, 303)
(141, 313)
(174, 310)
(207, 258)
(199, 254)
(144, 318)
(259, 305)
(185, 319)
(91, 312)
(251, 301)
(209, 304)
(168, 266)
(201, 300)
(220, 313)
(178, 316)
(170, 312)
(136, 319)
(202, 264)
(147, 328)
(194, 260)
(139, 324)
(205, 306)
(246, 307)
(171, 313)
(212, 314)
(204, 310)
(195, 261)
(140, 325)
(132, 321)
(247, 308)
(198, 266)
(164, 273)
(208, 316)
(174, 323)
(158, 315)
(157, 270)
(190, 267)
(377, 273)
(135, 331)
(160, 275)
(201, 313)
(234, 310)
(167, 320)
(159, 316)
(200, 317)
(170, 325)
(136, 332)
(183, 264)
(175, 260)
(364, 275)
(196, 319)
(176, 261)
(289, 281)
(162, 326)
(154, 322)
(146, 318)
(179, 266)
(365, 276)
(323, 279)
(205, 260)
(105, 322)
(171, 267)
(151, 288)
(352, 278)
(184, 322)
(277, 284)
(150, 329)
(175, 273)
(141, 280)
(152, 289)
(353, 279)
(311, 282)
(314, 287)
(220, 280)
(239, 293)
(167, 274)
(159, 270)
(197, 296)
(170, 279)
(315, 288)
(307, 284)
(139, 291)
(212, 281)
(163, 276)
(231, 294)
(140, 292)
(341, 282)
(132, 288)
(333, 278)
(235, 300)
(208, 283)
(227, 296)
(155, 277)
(342, 283)
(268, 297)
(334, 279)
(193, 303)
(303, 291)
(135, 298)
(201, 280)
(127, 294)
(159, 283)
(219, 297)
(211, 293)
(222, 302)
(128, 295)
(329, 285)
(246, 287)
(97, 307)
(212, 294)
(231, 307)
(223, 303)
(196, 286)
(215, 299)
(330, 286)
(121, 292)
(322, 282)
(181, 306)
(272, 281)
(291, 294)
(257, 301)
(208, 296)
(249, 297)
(241, 293)
(207, 300)
(218, 309)
(210, 305)
(143, 315)
(284, 291)
(317, 288)
(242, 294)
(253, 303)
(200, 297)
(219, 310)
(211, 306)
(318, 289)
(86, 311)
(172, 314)
(279, 297)
(204, 303)
(245, 304)
(237, 300)
(173, 315)
(165, 311)
(206, 312)
(280, 298)
(112, 305)
(186, 254)
(131, 318)
(104, 301)
(238, 301)
(197, 263)
(230, 297)
(189, 259)
(241, 306)
(207, 313)
(199, 309)
(108, 307)
(182, 256)
(168, 321)
(160, 317)
(267, 300)
(200, 310)
(233, 307)
(203, 315)
(169, 322)
(161, 318)
(153, 314)
(100, 308)
(119, 321)
(226, 304)
(185, 266)
(229, 309)
(195, 316)
(146, 311)
(145, 315)
(398, 266)
(188, 313)
(204, 257)
(149, 321)
(88, 311)
(181, 273)
(173, 269)
(217, 312)
(142, 318)
(175, 315)
(100, 321)
(141, 322)
(174, 270)
(386, 269)
(144, 327)
(176, 316)
(200, 264)
(145, 328)
(137, 324)
(184, 256)
(169, 276)
(348, 278)
(161, 272)
(205, 315)
(138, 325)
(130, 321)
(171, 322)
(264, 284)
(162, 273)
(214, 283)
(374, 272)
(165, 278)
(375, 273)
(133, 331)
(207, 280)
(336, 281)
(160, 284)
(126, 291)
(286, 280)
(184, 269)
(252, 287)
(203, 282)
(150, 276)
(236, 279)
(161, 285)
(202, 286)
(287, 281)
(328, 282)
(331, 287)
(248, 289)
(363, 276)
(289, 290)
(176, 270)
(146, 278)
(206, 292)
(198, 288)
(324, 284)
(290, 291)
(274, 283)
(293, 296)
(199, 289)
(240, 290)
(317, 281)
(149, 288)
(275, 284)
(286, 293)
(252, 300)
(285, 297)
(236, 292)
(351, 279)
(202, 299)
(309, 282)
(141, 289)
(111, 297)
(312, 287)
(278, 294)
(281, 299)
(198, 301)
(239, 302)
(313, 288)
(305, 284)
(137, 291)
(274, 296)
(106, 303)
(240, 303)
(205, 282)
(138, 292)
(224, 295)
(243, 308)
(130, 288)
(107, 304)
(300, 290)
(225, 296)
(266, 297)
(269, 302)
(194, 308)
(235, 309)
(227, 305)
(133, 298)
(125, 294)
(251, 290)
(262, 299)
(209, 293)
(228, 306)
(220, 302)
(197, 318)
(189, 314)
(95, 307)
(255, 296)
(288, 293)
(147, 317)
(221, 303)
(172, 261)
(254, 300)
(205, 295)
(224, 308)
(190, 315)
(182, 311)
(223, 312)
(148, 318)
(140, 314)
(247, 297)
(206, 259)
(151, 323)
(198, 255)
(250, 302)
(101, 322)
(216, 309)
(208, 305)
(133, 311)
(174, 312)
(207, 260)
(199, 256)
(185, 321)
(251, 303)
(143, 324)
(209, 306)
(168, 268)
(201, 302)
(178, 318)
(170, 314)
(117, 308)
(136, 321)
(194, 262)
(212, 316)
(204, 312)
(196, 308)
(129, 318)
(195, 263)
(187, 259)
(173, 324)
(90, 326)
(164, 275)
(156, 271)
(166, 321)
(158, 317)
(190, 269)
(182, 265)
(159, 318)
(151, 277)
(183, 266)
(202, 279)
(175, 262)
(152, 278)
(364, 277)
(281, 279)
(209, 260)
(396, 266)
(154, 324)
(179, 268)
(146, 320)
(197, 285)
(323, 281)
(273, 280)
(205, 262)
(171, 269)
(140, 281)
(151, 290)
(352, 280)
(269, 282)
(384, 269)
(142, 327)
(175, 275)
(141, 282)
(144, 287)
(311, 284)
(143, 291)
(314, 289)
(167, 276)
(186, 289)
(159, 272)
(136, 288)
(139, 293)
(372, 272)
(231, 296)
(204, 279)
(163, 278)
(215, 288)
(140, 294)
(341, 284)
(132, 290)
(333, 280)
(208, 285)
(227, 298)
(155, 279)
(268, 299)
(334, 281)
(260, 295)
(158, 284)
(124, 291)
(284, 280)
(303, 293)
(295, 289)
(127, 296)
(201, 282)
(261, 296)
(159, 285)
(200, 286)
(219, 299)
(211, 295)
(222, 304)
(128, 297)
(329, 287)
(120, 293)
(246, 289)
(287, 290)
(97, 309)
(223, 305)
(196, 288)
(215, 301)
(256, 302)
(181, 308)
(146, 287)
(272, 283)
(291, 296)
(238, 290)
(257, 303)
(249, 299)
(241, 295)
(207, 302)
(218, 311)
(210, 307)
(317, 290)
(283, 297)
(234, 292)
(253, 305)
(219, 312)
(211, 308)
(203, 304)
(169, 311)
(142, 294)
(276, 294)
(172, 316)
(193, 259)
(279, 299)
(185, 255)
(245, 306)
(237, 302)
(195, 305)
(165, 313)
(206, 314)
(112, 307)
(186, 256)
(131, 320)
(104, 303)
(272, 296)
(198, 310)
(197, 265)
(164, 317)
(238, 303)
(189, 261)
(230, 299)
(241, 308)
(207, 315)
(199, 311)
(105, 304)
(168, 323)
(160, 319)
(267, 302)
(225, 305)
(161, 320)
(153, 316)
(194, 317)
(100, 310)
(111, 319)
(185, 268)
(226, 306)
(176, 305)
(195, 318)
(145, 317)
(203, 258)
(255, 305)
(188, 315)
(221, 312)
(138, 314)
(204, 259)
(149, 323)
(196, 255)
(99, 322)
(173, 271)
(165, 267)
(385, 270)
(217, 314)
(183, 321)
(134, 316)
(175, 317)
(141, 324)
(133, 320)
(166, 268)
(199, 265)
(144, 329)
(110, 336)
(176, 318)
(200, 266)
(145, 330)
(219, 279)
(137, 326)
(184, 258)
(169, 278)
(161, 274)
(306, 283)
(205, 317)
(339, 280)
(171, 324)
(163, 320)
(162, 275)
(374, 274)
(165, 280)
(206, 281)
(131, 287)
(290, 280)
(207, 282)
(366, 275)
(336, 283)
(149, 277)
(302, 290)
(286, 282)
(159, 327)
(184, 271)
(252, 289)
(150, 278)
(202, 288)
(362, 277)
(328, 284)
(245, 286)
(278, 283)
(248, 291)
(176, 272)
(289, 292)
(195, 285)
(206, 294)
(324, 286)
(290, 293)
(240, 292)
(191, 287)
(224, 284)
(149, 290)
(350, 280)
(316, 287)
(267, 282)
(308, 283)
(236, 294)
(351, 281)
(277, 295)
(202, 301)
(194, 297)
(309, 284)
(141, 291)
(312, 289)
(278, 296)
(110, 303)
(239, 304)
(137, 293)
(338, 283)
(197, 307)
(304, 290)
(274, 298)
(106, 305)
(240, 305)
(232, 301)
(205, 284)
(224, 297)
(130, 290)
(190, 304)
(107, 306)
(300, 292)
(266, 299)
(258, 295)
(216, 298)
(235, 311)
(227, 307)
(301, 293)
(193, 314)
(259, 296)
(262, 301)
(94, 308)
(209, 295)
(228, 308)
(220, 304)
(189, 316)
(95, 309)
(288, 295)
(147, 319)
(202, 255)
(213, 301)
(139, 315)
(254, 302)
(205, 297)
(246, 298)
(212, 305)
(182, 313)
(148, 320)
(140, 316)
(132, 312)
(206, 261)
(151, 325)
(247, 299)
(198, 257)
(250, 304)
(208, 307)
(174, 314)
(199, 258)
(143, 326)
(135, 322)
(209, 308)
(168, 270)
(201, 304)
(242, 305)
(167, 311)
(178, 320)
(170, 316)
(136, 323)
(109, 306)
(411, 262)
(128, 319)
(194, 264)
(139, 328)
(204, 314)
(196, 310)
(121, 316)
(162, 317)
(195, 265)
(132, 325)
(179, 257)
(165, 322)
(164, 277)
(131, 329)
(166, 323)
(213, 255)
(158, 319)
(399, 265)
(182, 267)
(151, 279)
(285, 279)
(183, 268)
(128, 332)
(175, 264)
(395, 267)
(152, 280)
(281, 281)
(201, 258)
(146, 322)
(167, 265)
(387, 268)
(197, 287)
(170, 270)
(323, 283)
(147, 286)
(139, 282)
(273, 282)
(171, 271)
(163, 267)
(383, 270)
(148, 287)
(269, 284)
(384, 271)
(142, 329)
(134, 325)
(235, 291)
(166, 277)
(185, 290)
(345, 279)
(143, 293)
(135, 289)
(314, 291)
(167, 278)
(159, 274)
(371, 273)
(136, 290)
(337, 280)
(307, 288)
(139, 295)
(273, 295)
(306, 292)
(372, 274)
(163, 280)
(231, 298)
(204, 281)
(223, 294)
(130, 332)
(162, 284)
(333, 282)
(131, 296)
(101, 304)
(249, 288)
(155, 281)
(268, 301)
(260, 297)
(326, 279)
(158, 286)
(359, 276)
(218, 300)
(124, 293)
(284, 282)
(295, 291)
(127, 298)
(261, 298)
(253, 294)
(200, 288)
(219, 301)
(203, 293)
(318, 280)
(222, 306)
(120, 295)
(276, 283)
(246, 291)
(287, 292)
(97, 311)
(204, 294)
(245, 295)
(196, 290)
(215, 303)
(256, 304)
(248, 300)
(181, 310)
(322, 286)
(146, 289)
(214, 307)
(238, 292)
(257, 305)
(249, 301)
(207, 304)
(199, 300)
(218, 313)
(210, 309)
(168, 312)
(283, 299)
(234, 294)
(275, 295)
(200, 301)
(211, 310)
(203, 306)
(244, 307)
(169, 313)
(276, 296)
(172, 318)
(111, 308)
(226, 295)
(185, 257)
(245, 308)
(237, 304)
(229, 300)
(195, 307)
(206, 316)
(112, 309)
(198, 312)
(104, 305)
(238, 305)
(164, 319)
(230, 301)
(189, 263)
(207, 317)
(199, 313)
(130, 299)
(149, 312)
(168, 325)
(160, 321)
(99, 311)
(233, 311)
(184, 306)
(225, 307)
(217, 303)
(183, 310)
(153, 318)
(194, 319)
(100, 312)
(174, 261)
(92, 308)
(185, 270)
(226, 308)
(152, 322)
(176, 307)
(200, 255)
(145, 319)
(137, 315)
(203, 260)
(169, 267)
(221, 314)
(172, 272)
(213, 310)
(138, 316)
(130, 312)
(204, 261)
(149, 325)
(196, 257)
(182, 322)
(148, 329)
(173, 273)
(165, 269)
(175, 319)
(268, 281)
(141, 326)
(188, 258)
(133, 322)
(218, 280)
(191, 263)
(91, 325)
(176, 320)
(168, 279)
(137, 328)
(184, 260)
(404, 263)
(169, 280)
(161, 276)
(339, 282)
(405, 264)
(163, 322)
(331, 278)
(88, 328)
(154, 273)
(206, 283)
(198, 279)
(131, 289)
(207, 284)
(199, 280)
(149, 279)
(283, 279)
(327, 285)
(393, 267)
(244, 287)
(150, 280)
(194, 286)
(328, 286)
(270, 281)
(176, 274)
(289, 294)
(195, 287)
(206, 296)
(354, 280)
(324, 288)
(290, 295)
(240, 294)
(138, 283)
(243, 299)
(316, 289)
(267, 284)
(277, 297)
(183, 290)
(343, 279)
(202, 303)
(141, 293)
(133, 289)
(312, 291)
(278, 298)
(110, 305)
(209, 284)
(179, 292)
(239, 306)
(137, 295)
(338, 285)
(197, 309)
(189, 305)
(304, 292)
(122, 315)
(255, 287)
(296, 288)
(106, 307)
(205, 286)
(224, 299)
(265, 300)
(190, 306)
(297, 289)
(129, 296)
(99, 304)
(300, 294)
(247, 288)
(266, 301)
(98, 308)
(258, 297)
(227, 309)
(152, 315)
(193, 316)
(326, 288)
(259, 298)
(185, 312)
(210, 256)
(292, 295)
(251, 294)
(262, 303)
(94, 310)
(209, 297)
(228, 310)
(220, 306)
(189, 318)
(95, 311)
(288, 297)
(202, 257)
(147, 321)
(139, 317)
(254, 304)
(205, 299)
(246, 300)
(212, 307)
(215, 312)
(148, 322)
(140, 318)
(181, 319)
(247, 301)
(151, 327)
(198, 259)
(98, 321)
(164, 266)
(250, 306)
(208, 309)
(174, 316)
(166, 312)
(191, 256)
(143, 328)
(94, 323)
(190, 260)
(135, 324)
(201, 306)
(127, 320)
(242, 307)
(160, 268)
(234, 303)
(167, 313)
(178, 322)
(170, 318)
(136, 325)
(109, 308)
(183, 257)
(128, 321)
(194, 266)
(139, 330)
(204, 316)
(196, 312)
(162, 319)
(154, 315)
(179, 259)
(165, 324)
(186, 267)
(131, 331)
(373, 273)
(166, 325)
(158, 321)
(108, 320)
(182, 269)
(127, 333)
(148, 276)
(234, 293)
(257, 304)
(249, 300)
(392, 268)
(185, 315)
(286, 281)
(284, 294)
(143, 318)
(98, 311)
(250, 296)
(291, 297)
